-757 -756 -755 
-1 1 
755 756 757 
-757 -756 -755 
-1 1 
755 756 757 
-757 -756 -755 
-1 1 
755 756 757 
-757 -756 -755 
-1 1 
755 756 757 
-757 -1 755 
-756 756 
-755 1 757 
-757 -756 -755 
-1 1 
755 756 757 
-757 -756 -755 
-1 1 
755 756 757 
-1514 -1513 -1512 -1511 -1510 
-758 -757 -756 -755 -754 
-2 -1 1 2 
754 755 756 757 758 
1510 1511 1512 1513 1514 
-2271 -2270 -2269 -2268 -2267 -2266 -2265 
-1515 -1514 -1513 -1512 -1511 -1510 -1509 
-759 -758 -757 -756 -755 -754 -753 
-3 -2 -1 1 2 3 
753 754 755 756 757 758 759 
1509 1510 1511 1512 1513 1514 1515 
2265 2266 2267 2268 2269 2270 2271 
-3028 -3027 -3026 -3025 -3024 -3023 -3022 -3021 -3020 
-2272 -2271 -2270 -2269 -2268 -2267 -2266 -2265 -2264 
-1516 -1515 -1514 -1513 -1512 -1511 -1510 -1509 -1508 
-760 -759 -758 -757 -756 -755 -754 -753 -752 
-4 -3 -2 -1 1 2 3 4 
752 753 754 755 756 757 758 759 760 
1508 1509 1510 1511 1512 1513 1514 1515 1516 
2264 2265 2266 2267 2268 2269 2270 2271 2272 
3020 3021 3022 3023 3024 3025 3026 3027 3028 
-3785 -3784 -3783 -3782 -3781 -3780 -3779 -3778 -3777 -3776 -3775 
-3029 -3028 -3027 -3026 -3025 -3024 -3023 -3022 -3021 -3020 -3019 
-2273 -2272 -2271 -2270 -2269 -2268 -2267 -2266 -2265 -2264 -2263 
-1517 -1516 -1515 -1514 -1513 -1512 -1511 -1510 -1509 -1508 -1507 
-761 -760 -759 -758 -757 -756 -755 -754 -753 -752 -751 
-5 -4 -3 -2 -1 1 2 3 4 5 
751 752 753 754 755 756 757 758 759 760 761 
1507 1508 1509 1510 1511 1512 1513 1514 1515 1516 1517 
2263 2264 2265 2266 2267 2268 2269 2270 2271 2272 2273 
3019 3020 3021 3022 3023 3024 3025 3026 3027 3028 3029 
3775 3776 3777 3778 3779 3780 3781 3782 3783 3784 3785 
-3785 -3784 -3783 -3782 -3781 -3780 -3779 -3778 -3777 -3776 -3775 
-3029 -3028 -3027 -3026 -3025 -3024 -3023 -3022 -3021 -3020 -3019 
-2273 -2272 -2271 -2270 -2269 -2268 -2267 -2266 -2265 -2264 -2263 
-1517 -1516 -1515 -1514 -1513 -1512 -1511 -1510 -1509 -1508 -1507 
-761 -760 -759 -758 -757 -756 -755 -754 -753 -752 -751 
-5 -4 -3 -2 -1 1 2 3 4 5 
751 752 753 754 755 756 757 758 759 760 761 
1507 1508 1509 1510 1511 1512 1513 1514 1515 1516 1517 
2263 2264 2265 2266 2267 2268 2269 2270 2271 2272 2273 
3019 3020 3021 3022 3023 3024 3025 3026 3027 3028 3029 
3775 3776 3777 3778 3779 3780 3781 3782 3783 3784 3785 
-3785 -3784 -3783 -3782 -3781 -3780 -3779 -3778 -3777 -3776 -3775 
-3029 -3028 -3027 -3026 -3025 -3024 -3023 -3022 -3021 -3020 -3019 
-2273 -2272 -2271 -2270 -2269 -2268 -2267 -2266 -2265 -2264 -2263 
-1517 -1516 -1515 -1514 -1513 -1512 -1511 -1510 -1509 -1508 -1507 
-761 -760 -759 -758 -757 -756 -755 -754 -753 -752 -751 
-5 -4 -3 -2 -1 1 2 3 4 5 
751 752 753 754 755 756 757 758 759 760 761 
1507 1508 1509 1510 1511 1512 1513 1514 1515 1516 1517 
2263 2264 2265 2266 2267 2268 2269 2270 2271 2272 2273 
3019 3020 3021 3022 3023 3024 3025 3026 3027 3028 3029 
3775 3776 3777 3778 3779 3780 3781 3782 3783 3784 3785 
-1514 -1513 -1512 -1511 -1510 
-758 -757 -756 -755 -754 
-2 -1 1 2 
754 755 756 757 758 
1510 1511 1512 1513 1514 
-1514 -1513 -1512 -1511 -1510 
-758 -757 -756 -755 -754 
-2 -1 1 2 
754 755 756 757 758 
1510 1511 1512 1513 1514 
-757 -756 -755 
-1 1 
755 756 757 
